1
1586.31
10.3 23.5 15.65 31
3.82799333257087 114.15518291701
79.2502726995998 111.322645173922
98.4683284904745 102.453223643824
158.846676658407 104.791040659671
187.973702779153 105.092929578509
226.837873605672 100.0109102817
250.226505746016 100.910746057702
291.788113814357 104.468972317206
320.134770051529 103.108509809372
380.807859944514 106.134928111848
420.049453413427 106.011157823389
500.874789879728 112.352938010166
554.242558448737 106.990382271189
602.762471800197 102.931522925004
635.277095097614 110.930968825865
681.147866726856 105.771911445238
778.370428277636 101.694673266839
805.380945039242 113.284524328782
857.515102556678 105.342893488978
952.156369954448 114.082483633227
1029.47817112442 106.18431825438
1092.16439269592 102.027239210628
1100.99347251267 112.2472910238
1179.50924557698 108.302963003685
1257.34594270514 101.441090816037
1282.23728786096 101.103379227466
1344.77757705942 113.373640350412
1408.20259804619 104.232359115579
1473.62905822131 114.510663324726
1534.44316247429 102.427328043263
1586.30760444315 110.971691399382
2
475.6
11.9 27.4 14.98 6
102 99.9
220 132.9
256.3 147.9
275 102.9
277.6 112.9
381.3 100.9
3
516.3
15.7 22.1 20.87 3
125.4 125.9
297.9 112.9
345.2 99.9
4
1000
11.2 10.1 15 1
990 99.2
